100037494
100037516
100125910
100125911
100134908
100147715
100147725
100301921
100301922
100301935
100316897
100462655
100462656
100529100
100529127
100736448
100736480
100736484
100736485
100736530
101055501
101055516
101055532
101055535
101055545
101055569
101055570
101055575
101055578
101055595
101243642
101243646
101243654
101243662
101243681
101243682
101243754
101243755
101243787
101243799
101243803
101243809
101243817
101243833
101243845
101243847
101243859
101243865
101243871
101243873
101243882
101243901
101243903
101243927
101243934
101243938
101243942
101243958
101243972
101243973
101243976
101243988
101244016
101244028
101244050
101244063
101244065
101244067
101244069
101244073
101244075
101244077
101244079
101244089
101244102
101244104
101244166
101244188
101244190
101244193
101244196
101244204
101244205
101244268
101244270
101244310
101244314
101244429
101244438
101244440
101244457
101244479
101244493
101244511
101244520
101244526
101244550
101244555
101244571
101244623
101244678
101244688
101244707
101244804
101244812
101244820
101244825
101244832
101244839
101244896
101244944
101244984
101245001
101245007
101245025
101245029
101245051
101245068
101245123
101245151
101245156
101245167
101245168
101245181
101245185
101245196
101245206
101245238
101245276
101245304
101245306
101245310
101245327
101245328
101245341
101245377
101245395
101245416
101245423
101245426
101245436
101245463
101245468
101245473
101245477
101245486
101245525
101245535
101245540
101245551
101245565
101245589
101245591
101245592
101245597
101245611
101245614
101245621
101245626
101245628
101245650
101245658
101245661
101245667
101245703
101245707
101245719
101245721
101245726
101245729
101245748
101245767
101245783
101245808
101245821
101245834
101245838
101245847
101245923
101245927
101245950
101245968
101245974
101246003
101246008
101246020
101246023
101246043
101246047
101246054
101246067
101246099
101246111
101246123
101246148
101246162
101246166
101246171
101246209
101246223
101246230
101246235
101246242
101246283
101246305
101246331
101246354
101246378
101246392
101246406
101246413
101246415
101246423
101246492
101246496
101246499
101246509
101246516
101246522
101246559
101246581
101246590
101246596
101246640
101246642
101246655
101246661
101246671
101246711
101246715
101246718
101246724
101246733
101246734
101246817
101246826
101246834
101246850
101246853
101246854
101246883
101246886
101246889
101246912
101246937
101246945
101246974
101246995
101247004
101247019
101247033
101247053
101247104
101247108
101247114
101247124
101247134
101247163
101247190
101247203
101247229
101247244
101247256
101247290
101247302
101247306
101247321
101247336
101247365
101247372
101247374
101247388
101247432
101247445
101247446
101247478
101247513
101247553
101247568
101247582
101247601
101247608
101247625
101247666
101247679
101247702
101247737
101247756
101247766
101247767
101247789
101247817
101247833
101247855
101247889
101247908
101247915
101247925
101247976
101247989
101247992
101248030
101248050
101248077
101248082
101248093
101248149
101248175
101248180
101248181
101248190
101248203
101248210
101248221
101248224
101248236
101248238
101248260
101248262
101248264
101248266
101248330
101248339
101248340
101248361
101248363
101248391
101248393
101248399
101248419
101248445
101248448
101248456
101248481
101248494
101248495
101248496
101248517
101248520
101248533
101248558
101248563
101248570
101248573
101248630
101248637
101248678
101248721
101248730
101248758
101248770
101248773
101248775
101248789
101248800
101248804
101248812
101248828
101248847
101248867
101248877
101248882
101248908
101248909
101248944
101248970
101248985
101248991
101249029
101249042
101249044
101249063
101249064
101249066
101249078
101249089
101249097
101249099
101249125
101249142
101249145
101249165
101249176
101249225
101249267
101249294
101249305
101249306
101249311
101249336
101249341
101249343
101249355
101249356
101249377
101249434
101249449
101249485
101249499
101249529
101249534
101249539
101249554
101249559
101249568
101249586
101249588
101249590
101249596
101249601
101249605
101249623
101249648
101249658
101249666
101249679
101249681
101249716
101249730
101249739
101249744
101249745
101249780
101249781
101249792
101249856
101249872
101249877
101249895
101249900
101249947
101249957
101250029
101250048
101250050
101250053
101250074
101250080
101250081
101250088
101250096
101250138
101250171
101250196
101250215
101250219
101250227
101250243
101250245
101250262
101250269
101250316
101250325
101250338
101250350
101250356
101250391
101250401
101250405
101250410
101250412
101250418
101250424
101250428
101250440
101250452
101250464
101250474
101250523
101250555
101250582
101250585
101250612
101250626
101250629
101250687
101250709
101250723
101250757
101250760
101250785
101250823
101250828
101250831
101250834
101250857
101250938
101250943
101250960
101250974
101250979
101250991
101250995
101251028
101251051
101251052
101251055
101251056
101251066
101251085
101251091
101251105
101251111
101251119
101251125
101251146
101251182
101251183
101251205
101251223
101251238
101251252
101251261
101251309
101251367
101251371
101251382
101251392
101251395
101251455
101251481
101251521
101251522
101251534
101251540
101251547
101251558
101251560
101251564
101251566
101251633
101251638
101251667
101251669
101251693
101251696
101251705
101251744
101251752
101251766
101251797
101251827
101251854
101251877
101251910
101251922
101251927
101251947
101251951
101251969
101251999
101252001
101252007
101252013
101252016
101252027
101252050
101252057
101252078
101252104
101252139
101252175
101252199
101252207
101252241
101252249
101252273
101252275
101252294
101252307
101252341
101252352
101252395
101252409
101252432
101252439
101252480
101252517
101252540
101252555
101252560
101252581
101252610
101252611
101252641
101252651
101252665
101252668
101252684
101252691
101252695
101252708
101252723
101252744
101252746
101252778
101252791
101252803
101252805
101252864
101252874
101252889
101252890
101252903
101252930
101252933
101252939
101252968
101252972
101252991
101252992
101253088
101253122
101253148
101253149
101253157
101253170
101253172
101253179
101253221
101253260
101253262
101253265
101253272
101253273
101253276
101253282
101253284
101253349
101253358
101253386
101253387
101253422
101253434
101253443
101253455
101253458
101253472
101253496
101253502
101253519
101253526
101253537
101253539
101253583
101253587
101253613
101253619
101253620
101253636
101253641
101253655
101253677
101253688
101253689
101253692
101253720
101253747
101253768
101253778
101253806
101253814
101253828
101253839
101253853
101253863
101253880
101253896
101253906
101253908
101253982
101253989
101254010
101254012
101254033
101254051
101254065
101254073
101254105
101254121
101254133
101254154
101254157
101254181
101254205
101254206
101254215
101254231
101254235
101254253
101254269
101254275
101254278
101254290
101254295
101254304
101254313
101254315
101254316
101254330
101254331
101254353
101254366
101254381
101254414
101254423
101254425
101254433
101254450
101254459
101254462
101254519
101254532
101254568
101254587
101254591
101254626
101254653
101254661
101254665
101254684
101254721
101254722
101254763
101254765
101254770
101254773
101254785
101254787
101254793
101254818
101254832
101254841
101254855
101254862
101254868
101254874
101254888
101254898
101254928
101254929
101254936
101254977
101254993
101255017
101255021
101255032
101255039
101255059
101255074
101255085
101255151
101255158
101255166
101255230
101255231
101255243
101255253
101255259
101255265
101255268
101255287
101255297
101255298
101255305
101255309
101255311
101255326
101255335
101255340
101255359
101255404
101255407
101255414
101255429
101255431
101255436
101255442
101255453
101255482
101255513
101255518
101255522
101255526
101255543
101255547
101255561
101255564
101255570
101255599
101255632
101255650
101255678
101255686
101255748
101255755
101255762
101255810
101255815
101255819
101255823
101255827
101255874
101255897
101255900
101255913
101255955
101256040
101256045
101256047
101256049
101256051
101256102
101256110
101256139
101256147
101256154
101256169
101256175
101256234
101256248
101256252
101256253
101256264
101256276
101256310
101256331
101256336
101256361
101256371
101256373
101256393
101256402
101256423
101256428
101256435
101256465
101256473
101256491
101256492
101256512
101256521
101256535
101256537
101256544
101256545
101256554
101256559
101256564
101256567
101256583
101256597
101256604
101256616
101256624
101256636
101256692
101256737
101256765
101256781
101256785
101256791
101256834
101256836
101256849
101256862
101256866
101256875
101256877
101256908
101256914
101256915
101256931
101256938
101256945
101256965
101256981
101256990
101256999
101257007
101257012
101257051
101257075
101257098
101257103
101257106
101257112
101257116
101257119
101257126
101257169
101257182
101257190
101257195
101257218
101257257
101257267
101257268
101257283
101257297
101257318
101257344
101257347
101257370
101257394
101257409
101257414
101257453
101257457
101257459
101257475
101257490
101257511
101257538
101257555
101257570
101257583
101257631
101257655
101257670
101257702
101257718
101257728
101257730
101257737
101257753
101257768
101257776
101257790
101257794
101257808
101257852
101257865
101257882
101257891
101257900
101257908
101257927
101257934
101257944
101257953
101257965
101257971
101257990
101258001
101258004
101258019
101258021
101258046
101258054
101258056
101258061
101258067
101258081
101258082
101258085
101258095
101258102
101258122
101258123
101258139
101258150
101258151
101258165
101258176
101258181
101258242
101258274
101258296
101258298
101258310
101258331
101258348
101258353
101258362
101258364
101258369
101258374
101258416
101258424
101258434
101258438
101258442
101258459
101258485
101258490
101258491
101258496
101258510
101258545
101258546
101258563
101258566
101258590
101258602
101258619
101258657
101258664
101258668
101258674
101258675
101258698
101258714
101258718
101258726
101258769
101258774
101258786
101258791
101258792
101258812
101258817
101258828
101258838
101258866
101258911
101258915
101258922
101258937
101258951
101258961
101259029
101259030
101259053
101259061
101259115
101259119
101259124
101259136
101259163
101259176
101259178
101259180
101259196
101259213
101259220
101259229
101259256
101259295
101259321
101259327
101259328
101259338
101259346
101259348
101259370
101259385
101259402
101259412
101259414
101259419
101259422
101259448
101259450
101259463
101259468
101259475
101259484
101259497
101259502
101259509
101259510
101259511
101259532
101259538
101259551
101259579
101259602
101259610
101259627
101259643
101259663
101259667
101259676
101259686
101259693
101259743
101259747
101259749
101259762
101259767
101259792
101259795
101259804
101259827
101259833
101259843
101259847
101259865
101259867
101259900
101259926
101259936
101259938
101259952
101259993
101260022
101260023
101260073
101260075
101260085
101260126
101260150
101260242
101260283
101260300
101260325
101260414
101260416
101260447
101260456
101260468
101260513
101260576
101260614
101260624
101260634
101260644
101260681
101260701
101260718
101260722
101260737
101260757
101260770
101260773
101260799
101260804
101260822
101260871
101260895
101260910
101260927
101260932
101260942
101260967
101260979
101260980
101260983
101261002
101261005
101261015
101261048
101261086
101261088
101261115
101261175
101261181
101261185
101261187
101261188
101261205
101261227
101261235
101261270
101261281
101261282
101261306
101261313
101261322
101261336
101261343
101261363
101261369
101261376
101261381
101261394
101261414
101261421
101261434
101261456
101261464
101261473
101261492
101261501
101261524
101261540
101261558
101261559
101261566
101261568
101261570
101261575
101261586
101261608
101261615
101261628
101261640
101261648
101261678
101261680
101261692
101261698
101261712
101261713
101261716
101261719
101261723
101261727
101261769
101261776
101261784
101261801
101261812
101261841
101261876
101261886
101261891
101261892
101261897
101261955
101261967
101261978
101262008
101262023
101262029
101262035
101262045
101262084
101262090
101262131
101262179
101262191
101262193
101262204
101262212
101262222
101262227
101262246
101262253
101262259
101262273
101262321
101262374
101262384
101262387
101262459
101262487
101262521
101262522
101262526
101262528
101262573
101262581
101262591
101262596
101262618
101262621
101262624
101262663
101262672
101262684
101262692
101262705
101262718
101262721
101262723
101262724
101262728
101262729
101262754
101262759
101262782
101262799
101262824
101262837
101262851
101262869
101262879
101262909
101262921
101262932
101262935
101262958
101262959
101262961
101262995
101262999
101263012
101263032
101263035
101263044
101263045
101263062
101263068
101263099
101263127
101263132
101263200
101263217
101263227
101263247
101263268
101263276
101263278
101263301
101263304
101263327
101263333
101263372
101263390
101263404
101263440
101263449
101263503
101263508
101263519
101263540
101263545
101263579
101263597
101263600
101263614
101263615
101263650
101263690
101263699
101263709
101263760
101263793
101263814
101263825
101263833
101263839
101263847
101263853
101263870
101263887
101263896
101263933
101263936
101263948
101263982
101264000
101264010
101264017
101264081
101264086
101264097
101264098
101264130
101264142
101264158
101264198
101264209
101264218
101264278
101264290
101264294
101264306
101264307
101264311
101264326
101264381
101264423
101264431
101264470
101264472
101264493
101264505
101264510
101264513
101264525
101264534
101264550
101264563
101264605
101264631
101264650
101264657
101264678
101264683
101264690
101264694
101264711
101264729
101264733
101264737
101264751
101264766
101264789
101264828
101264837
101264864
101264868
101264872
101264873
101264881
101264915
101264935
101264979
101264997
101265007
101265010
101265015
101265042
101265049
101265092
101265117
101265127
101265138
101265184
101265196
101265197
101265247
101265263
101265271
101265272
101265287
101265301
101265305
101265316
101265335
101265350
101265352
101265353
101265367
101265377
101265381
101265382
101265407
101265435
101265451
101265460
101265473
101265474
101265498
101265515
101265516
101265525
101265530
101265551
101265553
101265563
101265565
101265575
101265610
101265620
101265621
101265632
101265655
101265662
101265696
101265709
101265711
101265741
101265745
101265751
101265757
101265776
101265781
101265787
101265793
101265822
101265823
101265831
101265848
101265854
101265863
101265865
101265876
101265887
101265909
101265956
101265980
101266017
101266026
101266050
101266072
101266090
101266095
101266106
101266107
101266155
101266159
101266164
101266201
101266205
101266223
101266257
101266260
101266269
101266273
101266296
101266345
101266361
101266414
101266429
101266432
101266434
101266459
101266462
101266467
101266477
101266481
101266490
101266491
101266504
101266532
101266553
101266555
101266560
101266564
101266567
101266578
101266590
101266606
101266618
101266649
101266651
101266669
101266674
101266677
101266686
101266692
101266694
101266730
101266732
101266734
101266739
101266743
101266756
101266775
101266782
101266800
101266820
101266833
101266835
101266845
101266873
101266927
101266934
101266962
101266977
101266988
101267010
101267038
101267044
101267070
101267079
101267083
101267085
101267087
101267119
101267191
101267212
101267226
101267254
101267279
101267288
101267329
101267369
101267376
101267383
101267407
101267422
101267453
101267477
101267493
101267507
101267524
101267525
101267544
101267577
101267609
101267703
101267707
101267734
101267772
101267800
101267817
101267849
101267855
101267909
101267916
101267923
101267926
101267934
101267953
101267964
101267968
101267979
101267988
101267992
101268002
101268017
101268020
101268081
101268089
101268097
101268107
101268129
101268142
101268179
101268185
101268234
101268249
101268340
101268345
101268397
101268424
101268441
101268463
101268464
101268472
101268492
101268498
101268503
101268515
101268516
101268545
101268549
101268552
101268587
101268588
101268606
101268653
101268664
101268669
101268670
101268691
101268695
101268705
101268716
101268717
101268723
101268770
101268774
101268802
101268816
101268841
101268852
101268886
104644293
104644307
104644340
104644386
104644402
104644439
104644543
104644557
104644715
104644794
104644846
104645115
104645292
104645329
104645363
104645385
104645406
104645434
104645439
104645450
104645451
104645465
104645494
104645555
104645619
104645785
104645856
104645870
104646049
104646151
104646280
104646382
104646444
104646516
104646612
104646646
104646827
104646878
104646906
104646946
104646956
104647043
104647052
104647060
104647127
104647140
104647472
104647688
104647900
104647975
104648010
104648065
104648079
104648115
104648118
104648119
104648161
104648252
104648404
104648545
104648546
104648820
104648919
104648923
104649154
104649390
104649407
104649485
104649491
104649496
104649509
104649682
108281121
108281193
108491835
108511945
109118691
109118693
109118697
109118704
109118709
109118710
109118713
109118722
109118742
109118834
109118848
109118851
109118910
109118913
109118967
109119038
109119274
109119302
109119323
109119441
109119442
109119465
109119473
109119475
109119476
109119494
109119603
109119797
109119806
109119832
109119841
109119986
109119987
109119989
109120066
109120102
109120154
109120226
109120362
109120479
109120519
109120532
109120668
109120725
109120727
109120736
109120858
109121034
109121036
109121055
109121098
109121235
109121298
109121306
112940011
112940012
112940015
112940020
112940022
112940025
112940031
112940035
112940037
112940039
112940050
112940062
112940065
112940069
112940085
112940087
112940088
112940153
112940155
112940249
112940273
112940274
112940306
112940330
112940333
112940337
112940440
112940464
112940472
112940593
112940595
112940610
112940612
112940619
112940625
112940639
112940645
112940646
112940648
112940671
112940698
112940699
112940751
112940896
112940919
112940940
112940944
112940960
112940986
112940988
112941051
112941106
112941142
112941247
112941253
112941254
112941338
112941374
112941389
112941390
112941454
112941467
112941509
112941514
112941517
112941526
112941543
112941626
112941636
112941846
112941850
112941881
112941882
112941970
112942008
112942071
112942131
112942143
112942234
16976777
16976778
16976779
16976783
34678256
34678261
34678262
34678266
34678268
34678269
34678274
34678279
34678280
34678293
34678297
34678300
34678302
34678309
34678310
34678311
34678312
34678313
34678316
34678317
34678323
34678325
34678327
3950375
3950379
3950380
3950386
3950387
3950388
3950390
3950391
3950392
3950393
3950394
3950395
3950399
3950400
3950401
3950402
3950404
3950405
3950406
3950408
3950409
3950410
3950411
3950413
3950414
3950416
3950417
3950418
3950419
3950420
3950421
3950424
3950425
3950426
3950430
3950431
3950432
3950433
3950434
3950435
3950436
3950438
3950440
3950441
3950443
3950444
3950445
3950446
3950447
3950448
3950449
3950450
3950451
3950452
3950453
3950454
3950455
3950456
3950457
3950459
3950461
3950462
3950464
3950467
3950468
3950469
3950471
3950472
3950473
3950475
3950477
3950478
3950479
3950483
3950484
3950485
3950486
3950487
3950488
3950489
3950490
3950491
3950492
3950493
3950494
3950495
3950496
3950497
3950498
3950499
3950500
3950501
3950502
3950503
3950504
3950505
3950506
543514
543562
543634
543644
543721
543732
543757
543767
543813
543827
543907
543916
543927
543943
543965
543990
543992
543997
544037
544050
544074
544076
544085
544099
544135
544139
544146
544153
544172
544197
544198
544213
544216
544265
544274
544280
544281
544290
606302
606710
778207
778210
778248
778258
778279
778283
778304
778310
778349
778357
778364
